2243422649734752
9188987539982871
6996302172221383
5157646083732098
4586597428722216
7150014840377881
3812333201704520
4760936749607367
3698555227669146
3475675810509473
6890736577348104
4308563278402473
4919022918709674
9122657776975687
1301062676314150
9096357194560170
4225178861931018
9410159343504334
3161786387956208
1010414585555956
1851333172415598
7032215448844538
7939504950973039
6589033590474009
8614544942928662
4079689722531672
8728316537661948
5943251787755275
6909613550231790
5416960178072112
1355210057508310
4510294409730518
2234094141783365
8750768443657376
0020098950870129
4481252126979282
4794829064091355
4278872550139588
5605155653628836
6170398200464273
3667445774954805
6610358425976893
1661372950139188
9407089741735527
6222064189894197
5919583541796051
2639240879005854
8847071630230500
0094291876630395
4527499064702218
9646122768299539
4864331495699164
8471506535640440
8879378270313495
0237744521147975
1591241947502064
3432603657347175
3383925048176702
9041206532381475
0182500459005500
0570440414602768
1083002636269547
0847858337180161
2329616431092130
4955543481325525
9652266281373947
3062873548880134
6311622337065665
2268600990455994
5002773826592464
8144787724599391
2687680171773100
1222981608355488
0339549873763135
7010411612788167
0256234943451699
3915432743060333
0634510713463937
0446672105586918
1739984713271426
1210861529721065
7582547543809687
8535461575501656
8902211812286390
1919345242413352
7573528130091441
6338435320815898
1657751395177813
8857636881799786
7012716242865478
6609391193846733
8303342538663051
7119343188339446
1624470450026003
4891028649520125
5837373542741009
9886557718033769
9368778418461266
9150022028121625
0371677982480455
3996632175445592
9167712549671531
5882800480506129
8462676815746994
5648897898406330
0299220313937523
3863558767827818
9416660486666208
0686264893692597
6027459920228572
5449457142360149
8587653051393203
6965131563976911
3019075645909345
5376541382767280
3162309305140214
6846232795273802
8026291277092643
5296513271213722
7437256165122906
5026657310209086
6734775766492711
3911231171701955
4669241920404867
8646653506380835
9773367077067506
7388330777837115
7729742410453041
9341788780258237
4186555947303235
1182758053898098
8248130567039466
7562972367274261
8473779922403999
9245670728518916
0297163857685623
4014240031302327
3124571432234092
4616897509109784
4707516687466502
1762394647360727
1642889787926904
5682118775292711
5854848038464290
5733837323508144
9786126365281031
8015291639549130
5177539402595044
7437891452249029
9132281062754587
3019704452975983
8804863992396889
2027507407053000
3245203998412998
8379936356425880
6932761398673000
0966785837123319
7177534062879101
5634521373234268
5517252632925293
6439465841083474
6407872346517044
5035648210565998
2235826233453271
4463420638440000
7673964591582811
4911900878384477
4523260169391218
4170615336955366
4131976125652462
1018625327698721
9106641700554750
9511887333084662
9802408604626504
8201048869833981
5413966824413615
0173870580412280
6613950071356042
3901192008840816
7870662733995963
2058191497639505
8756649706124962
5583613569885419
6377536506358488
1543716651396511
0723581254063033
3633508309036773
4624973817321847
0911305921349090
6322699888360705
8135294150581811
8052212014011975
4465528415891767
1112121190712960
0641303252651886
2384421812727573
7159410393832111
5346746386335834
8900258883030806
4108035523879429
4314592815144744
2718441001070924
8098631739690630
9881267214305301
4856618405728017
7222328881755192
5458055374698146
6812008813378230
6461135545931713
0880964170579521
0798788025170783
3096908404317428
6757483464935799
8820861301348794
4436333827154090
8933719233054586
5142342203348955
6403878274743320
9776286470259455
5688800447460514
2724616033717999
2162523378172368
5872648036486685
8744259736438820
2044551829303660
1009007373940269
4962413127912894
9900775198232086
0742097674958811
6568790347693959
8385149147186803
8189505166102237
1701768286666875
3520074004654071
4023540572013781
7800939869552713
4160897887882510
9672130191987782
2373330886222546
5945403054867664
4054863134271444
7784884259391096
5372714527331385
7555125918098797
6408169127073219
0903105441983931
2861796391858432
1995050914277353
2915530107681927
5266517981470528
6010268946303077
1028915748980954
2967931831209754
9778980231337717
4841951427638598
3431208335951135
1360269508706975
5219784100568011
7311315810939757
7061986670458634
9253483204716831
8112663548177797
4966264375297426
4471829169298859
8902964974150695
5346411432137860
1207197897234026
4561185192649153
5440109757715126
0228728709073050
5942435085656828
2285157588481240
7669946847816663
2899853878720859
4458115091299675
6694931769965130
5115795896589512
9425557858288961
7971444104046805
6497753575198651
5592333054837843
7701403722616145
6457872447853886
0517903173420628
7025348910260885
8993601955059012
7670114450810668
4301504043422668
8536548302500799
1498834795084888
7601038403430706
5632431991710254
6559382172379065
7809361884087399
8025564600092131
6501805356028014
7834637895518358
3168109957159053
5539535958859230
8967394971086128
0457343316838061
3699845615711786
4118611308400780
6873127138831112
1543310248113767
8828401600658068
1910139358560159
2238779091169549
2178528717171867
6428819445547353
6021855054577870
9081559582333788
6944092369029973
2575235367072817
8666818555108630
5588912862885467
7517657542110502
8076195426333760
9606507679613575
8460590288958185
8812426002430691
2332565761972114
0919479930803972
7514629415718330
0835021665181833
0451134610673344
2970575517175496
2104076965130020
4649848025662268
9742368751201599
1301428134219137
3145464604703157
7994187290856964
5415320663762330
6957235100084501
2645706382337864
6489630143182391
6208131664139019
3493266585250835
6436834586482218
5806141552729337
3761360094782769
6441654044511050
1468527026675885
3208811250054672
6295509103316196
4651956676219818
6412830824215570
6450036132081139
7247789528244896
8954600847070648
7157946049931447
1224159651661582
8822554833562070
1729257049926692
3654059023340026
7724579037305737
5730824771851918
0406129149811039
4890516395721831
1891540505403636
8483007728525261
2084950144570227
4304910380004783
6657675861235126
7300219466700713
6465579493315038
7867519760508894
1649379226047541
2225995069063626
4221695516987007
8128703060450891
1259632910096609
0709100544196444
8567073687831416
8982314218030676
5874442974952688
8239191472876067
1438667372130702
6099130609591947
4783809942677592
1398520393904093
2852860353090733
2150598581454193
5358573180916373
4190034382177111
3461792589149819
4728436628955298
8913885892291849
8732133137486398
